Starting run with 64 MPI rank(s) at : 2023-10-23 08:12:02.423505
Insert error : recovering ... 
Insert error : recovering ... 
Insert error : recovering ... 
Insert error : recovering ... 
Insert error : recovering ... 
Insert error : recovering ... 
Insert error : recovering ... 
Insert error : recovering ... 
Insert error : recovering ... 
Insert error : recovering ... 
Insert error : recovering ... 
Insert error : recovering ... 
Insert error : recovering ... 
Insert error : recovering ... 
Insert error : recovering ... 
Insert error : recovering ... 
Insert error : recovering ... 
Insert error : recovering ... 
Insert error : recovering ... 
Insert error : recovering ... 
Insert error : recovering ... 
Insert error : recovering ... 
Insert error : recovering ... 
Insert error : recovering ... 
Insert error : recovering ... 
Insert error : recovering ... 
Insert error : recovering ... 
Insert error : recovering ... 
Insert error : recovering ... 
Insert error : recovering ... 
Insert error : recovering ... 
Insert error : recovering ... 
Insert error : recovering ... 
Insert error : recovering ... 
Insert error : recovering ... 
Insert error : recovering ... 
Insert error : recovering ... 
Insert error : recovering ... 
Insert error : recovering ... 
Insert error : recovering ... 
Insert error : recovering ... 
Insert error : recovering ... 
Insert error : recovering ... 
Insert error : recovering ... 
Insert error : recovering ... 
Insert error : recovering ... 
Insert error : recovering ... 
Insert error : recovering ... 
Insert error : recovering ... 
Insert error : recovering ... 
Insert error : recovering ... 
Insert error : recovering ... 
Insert error : recovering ... 
Insert error : recovering ... 
Insert error : recovering ... 
Insert error : recovering ... 
Insert error : recovering ... 
Insert error : recovering ... 
Insert error : recovering ... 
Insert error : recovering ... 
Insert error : recovering ... 
Insert error : recovering ... 
Insert error : recovering ... 
Insert error : recovering ... 
Insert error : recovering ... 
Insert error : recovering ... 
Insert error : recovering ... 
Insert error : recovering ... 
Insert error : recovering ... 
Insert error : recovering ... 
Insert error : recovering ... 
Insert error : recovering ... 
Insert error : recovering ... 
Insert error : recovering ... 
Insert error : recovering ... 
Insert error : recovering ... 
Insert error : recovering ... 
Insert error : recovering ... 
Insert error : recovering ... 
Insert error : recovering ... 
Insert error : recovering ... 
Insert error : recovering ... 
Insert error : recovering ... 
Insert error : recovering ... 
Insert error : recovering ... 
Insert error : recovering ... 
Insert error : recovering ... 
Insert error : recovering ... 
Insert error : recovering ... 
Insert error : recovering ... 
Insert error : recovering ... 
Insert error : recovering ... 
Insert error : recovering ... 
Insert error : recovering ... 
Insert error : recovering ... 
Insert error : recovering ... 
Insert error : recovering ... 
Insert error : recovering ... 
Insert error : recovering ... 
Insert error : recovering ... 
Insert error : recovering ... 
Insert error : recovering ... 
Insert error : recovering ... 
Insert error : recovering ... 
Insert error : recovering ... 
Insert error : recovering ... 
Insert error : recovering ... 
Insert error : recovering ... 
Insert error : recovering ... 
Insert error : recovering ... 
Insert error : recovering ... 
Insert error : recovering ... 
Insert error : recovering ... 
Insert error : recovering ... 
Insert error : recovering ... 
Insert error : recovering ... 
Insert error : recovering ... 
Insert error : recovering ... 
Insert error : recovering ... 
Insert error : recovering ... 
Insert error : recovering ... 
Insert error : recovering ... 
Insert error : recovering ... 
Insert error : recovering ... 
Insert error : recovering ... 
Insert error : recovering ... 
Insert error : recovering ... 
Insert error : recovering ... 
Insert error : recovering ... 
Insert error : recovering ... 
Insert error : recovering ... 
Insert error : recovering ... 
Insert error : recovering ... 
Insert error : recovering ... 
Insert error : recovering ... 
Insert error : recovering ... 
Insert error : recovering ... 
Insert error : recovering ... 
Insert error : recovering ... 
Insert error : recovering ... 
Insert error : recovering ... 
Insert error : recovering ... 
Insert error : recovering ... 
Insert error : recovering ... 
Insert error : recovering ... 
Insert error : recovering ... 
Insert error : recovering ... 
Insert error : recovering ... 
Insert error : recovering ... 
Insert error : recovering ... 
Insert error : recovering ... 
Insert error : recovering ... 
Insert error : recovering ... 
Insert error : recovering ... 
Insert error : recovering ... 
Insert error : recovering ... 
Insert error : recovering ... 
Insert error : recovering ... 
Insert error : recovering ... 
Insert error : recovering ... 
Insert error : recovering ... 
Insert error : recovering ... 
Insert error : recovering ... 
Insert error : recovering ... 
Insert error : recovering ... 
Insert error : recovering ... 
Insert error : recovering ... 
Insert error : recovering ... 
Insert error : recovering ... 
Insert error : recovering ... 
Insert error : recovering ... 
Insert error : recovering ... 
Insert error : recovering ... 
Insert error : recovering ... 
Insert error : recovering ... 
Insert error : recovering ... 
Insert error : recovering ... 
Insert error : recovering ... 
Insert error : recovering ... 
Insert error : recovering ... 
Insert error : recovering ... 
Insert error : recovering ... 
Insert error : recovering ... 
Insert error : recovering ... 
Insert error : recovering ... 
Insert error : recovering ... 
Insert error : recovering ... 
Insert error : recovering ... 
Insert error : recovering ... 
Insert error : recovering ... 
Insert error : recovering ... 
Insert error : recovering ... 
Insert error : recovering ... 
Insert error : recovering ... 
Insert error : recovering ... 
Insert error : recovering ... 
Insert error : recovering ... 
Insert error : recovering ... 
Insert error : recovering ... 
Insert error : recovering ... 
Insert error : recovering ... 
Insert error : recovering ... 
Insert error : recovering ... 
Insert error : recovering ... 
Insert error : recovering ... 
Insert error : recovering ... 
Insert error : recovering ... 
Insert error : recovering ... 
Insert error : recovering ... 
Insert error : recovering ... 
Insert error : recovering ... 
Insert error : recovering ... 
Insert error : recovering ... 
Insert error : recovering ... 
Insert error : recovering ... 
Insert error : recovering ... 
Insert error : recovering ... 
Insert error : recovering ... 
Insert error : recovering ... 
Insert error : recovering ... 
Insert error : recovering ... 
Insert error : recovering ... 
Insert error : recovering ... 
Insert error : recovering ... 
Insert error : recovering ... 
Insert error : recovering ... 
Insert error : recovering ... 
Insert error : recovering ... 
Insert error : recovering ... 
Insert error : recovering ... 
Insert error : recovering ... 
Insert error : recovering ... 
Insert error : recovering ... 
Insert error : recovering ... 
Insert error : recovering ... 
Insert error : recovering ... 
Insert error : recovering ... 
Insert error : recovering ... 
Insert error : recovering ... 
Insert error : recovering ... 
Insert error : recovering ... 
Insert error : recovering ... 
Insert error : recovering ... 
Insert error : recovering ... 
Insert error : recovering ... 
Insert error : recovering ... 
Insert error : recovering ... 
Insert error : recovering ... 
Insert error : recovering ... 
Insert error : recovering ... 
Insert error : recovering ... 
Insert error : recovering ... 
Insert error : recovering ... 
Insert error : recovering ... 
Insert error : recovering ... 
Insert error : recovering ... 
Insert error : recovering ... 
Insert error : recovering ... 
Insert error : recovering ... 
Insert error : recovering ... 
Insert error : recovering ... 
Insert error : recovering ... 
Insert error : recovering ... 
Insert error : recovering ... 
Insert error : recovering ... 
Insert error : recovering ... 
Insert error : recovering ... 
Insert error : recovering ... 
Insert error : recovering ... 
Insert error : recovering ... 
Insert error : recovering ... 
Insert error : recovering ... 
Insert error : recovering ... 
Insert error : recovering ... 
Insert error : recovering ... 
Insert error : recovering ... 
Insert error : recovering ... 
Insert error : recovering ... 
Insert error : recovering ... 
Insert error : recovering ... 
Insert error : recovering ... 
Insert error : recovering ... 
Insert error : recovering ... 
Insert error : recovering ... 
Insert error : recovering ... 
Insert error : recovering ... 
Insert error : recovering ... 
Insert error : recovering ... 
Insert error : recovering ... 
Insert error : recovering ... 
Insert error : recovering ... 
Insert error : recovering ... 
Insert error : recovering ... 
Insert error : recovering ... 
Insert error : recovering ... 
Insert error : recovering ... 
Insert error : recovering ... 
Insert error : recovering ... 
Insert error : recovering ... 
Insert error : recovering ... 
Insert error : recovering ... 
Insert error : recovering ... 
Insert error : recovering ... 
Insert error : recovering ... 
Insert error : recovering ... 
Insert error : recovering ... 
Insert error : recovering ... 
Insert error : recovering ... 
Insert error : recovering ... 
Insert error : recovering ... 
Insert error : recovering ... 
Insert error : recovering ... 
Insert error : recovering ... 
Insert error : recovering ... 
Insert error : recovering ... 
Insert error : recovering ... 
Insert error : recovering ... 
Insert error : recovering ... 
Insert error : recovering ... 
Insert error : recovering ... 
Insert error : recovering ... 
Insert error : recovering ... 
Insert error : recovering ... 
Insert error : recovering ... 
Insert error : recovering ... 
Insert error : recovering ... 
Insert error : recovering ... 
Insert error : recovering ... 
Insert error : recovering ... 
Insert error : recovering ... 
Insert error : recovering ... 
Insert error : recovering ... 
Insert error : recovering ... 
Insert error : recovering ... 
Insert error : recovering ... 
Insert error : recovering ... 
Insert error : recovering ... 
Insert error : recovering ... 
Insert error : recovering ... 
Insert error : recovering ... 
Insert error : recovering ... 
Insert error : recovering ... 
Insert error : recovering ... 
Insert error : recovering ... 
Insert error : recovering ... 
Insert error : recovering ... 
Insert error : recovering ... 
Insert error : recovering ... 
Insert error : recovering ... 
Insert error : recovering ... 
Insert error : recovering ... 
Insert error : recovering ... 
Insert error : recovering ... 
Insert error : recovering ... 
Insert error : recovering ... 
Insert error : recovering ... 
Insert error : recovering ... 
Insert error : recovering ... 
Insert error : recovering ... 
Insert error : recovering ... 
Insert error : recovering ... 
Insert error : recovering ... 
Insert error : recovering ... 
Insert error : recovering ... 
Insert error : recovering ... 
Insert error : recovering ... 
Insert error : recovering ... 
Insert error : recovering ... 
Insert error : recovering ... 
Insert error : recovering ... 
Insert error : recovering ... 
Insert error : recovering ... 
Insert error : recovering ... 
Insert error : recovering ... 
Insert error : recovering ... 
Insert error : recovering ... 
Insert error : recovering ... 
Insert error : recovering ... 
Insert error : recovering ... 
Insert error : recovering ... 
Insert error : recovering ... 
Insert error : recovering ... 
Insert error : recovering ... 
Insert error : recovering ... 
Insert error : recovering ... 
Insert error : recovering ... 
Insert error : recovering ... 
Insert error : recovering ... 
Insert error : recovering ... 
Insert error : recovering ... 
Insert error : recovering ... 
Insert error : recovering ... 
Insert error : recovering ... 
Insert error : recovering ... 
Insert error : recovering ... 
Insert error : recovering ... 
Insert error : recovering ... 
Insert error : recovering ... 
Insert error : recovering ... 
Insert error : recovering ... 
Insert error : recovering ... 
Insert error : recovering ... 
Insert error : recovering ... 
Insert error : recovering ... 
Insert error : recovering ... 
Insert error : recovering ... 
Insert error : recovering ... 
Insert error : recovering ... 
Insert error : recovering ... 
Insert error : recovering ... 
Insert error : recovering ... 
Insert error : recovering ... 
Insert error : recovering ... 
Insert error : recovering ... 
Insert error : recovering ... 
Insert error : recovering ... 
Insert error : recovering ... 
Insert error : recovering ... 
Insert error : recovering ... 
Insert error : recovering ... 
Insert error : recovering ... 
Insert error : recovering ... 
Insert error : recovering ... 
Insert error : recovering ... 
Insert error : recovering ... 
Insert error : recovering ... 
Insert error : recovering ... 
Insert error : recovering ... 
Insert error : recovering ... 
Insert error : recovering ... 
Insert error : recovering ... 
Insert error : recovering ... 
Insert error : recovering ... 
Insert error : recovering ... 
Insert error : recovering ... 
Insert error : recovering ... 
Insert error : recovering ... 
Insert error : recovering ... 
Insert error : recovering ... 
Insert error : recovering ... 
Insert error : recovering ... 
Insert error : recovering ... 
Insert error : recovering ... 
Insert error : recovering ... 
Insert error : recovering ... 
Insert error : recovering ... 
Insert error : recovering ... 
Insert error : recovering ... 
Insert error : recovering ... 
Insert error : recovering ... 
Insert error : recovering ... 
Insert error : recovering ... 
Insert error : recovering ... 
Insert error : recovering ... 
Insert error : recovering ... 
Insert error : recovering ... 
Insert error : recovering ... 
Insert error : recovering ... 
Insert error : recovering ... 
Insert error : recovering ... 
Insert error : recovering ... 
Insert error : recovering ... 
Insert error : recovering ... 
Insert error : recovering ... 
Insert error : recovering ... 
Insert error : recovering ... 
Insert error : recovering ... 
Insert error : recovering ... 
Insert error : recovering ... 
Insert error : recovering ... 
Insert error : recovering ... 
Insert error : recovering ... 
Insert error : recovering ... 
Insert error : recovering ... 
Insert error : recovering ... 
Insert error : recovering ... 
Insert error : recovering ... 
Insert error : recovering ... 
Insert error : recovering ... 
Insert error : recovering ... 
Insert error : recovering ... 
Insert error : recovering ... 
Insert error : recovering ... 
Insert error : recovering ... 
Insert error : recovering ... 
Insert error : recovering ... 
Insert error : recovering ... 
Insert error : recovering ... 
Insert error : recovering ... 
Insert error : recovering ... 
Insert error : recovering ... 
Insert error : recovering ... 
Insert error : recovering ... 
Insert error : recovering ... 
Insert error : recovering ... 
Insert error : recovering ... 
Insert error : recovering ... 
Insert error : recovering ... 
Insert error : recovering ... 
Insert error : recovering ... 
Insert error : recovering ... 
Insert error : recovering ... 
Insert error : recovering ... 
Insert error : recovering ... 
Insert error : recovering ... 
Insert error : recovering ... 
Insert error : recovering ... 
Insert error : recovering ... 
Insert error : recovering ... 
Insert error : recovering ... 
Insert error : recovering ... 
Insert error : recovering ... 
Insert error : recovering ... 
Insert error : recovering ... 
Insert error : recovering ... 
Insert error : recovering ... 
Insert error : recovering ... 
Insert error : recovering ... 
Insert error : recovering ... 
Insert error : recovering ... 
Insert error : recovering ... 
Insert error : recovering ... 
Insert error : recovering ... 
Insert error : recovering ... 
Insert error : recovering ... 
Insert error : recovering ... 
Insert error : recovering ... 
Insert error : recovering ... 
Insert error : recovering ... 
Insert error : recovering ... 
Insert error : recovering ... 
Insert error : recovering ... 
Insert error : recovering ... 
Insert error : recovering ... 
Insert error : recovering ... 
Insert error : recovering ... 
Insert error : recovering ... 
Insert error : recovering ... 
Insert error : recovering ... 
Insert error : recovering ... 
Insert error : recovering ... 
Insert error : recovering ... 
Insert error : recovering ... 
Insert error : recovering ... 
Insert error : recovering ... 
Insert error : recovering ... 
Insert error : recovering ... 
Insert error : recovering ... 
Insert error : recovering ... 
Insert error : recovering ... 
Insert error : recovering ... 
Insert error : recovering ... 
Insert error : recovering ... 
Insert error : recovering ... 
Insert error : recovering ... 
Insert error : recovering ... 
Insert error : recovering ... 
Insert error : recovering ... 
Insert error : recovering ... 
Insert error : recovering ... 
Insert error : recovering ... 
Insert error : recovering ... 
Insert error : recovering ... 
Insert error : recovering ... 
Insert error : recovering ... 
Insert error : recovering ... 
Insert error : recovering ... 
Insert error : recovering ... 
Insert error : recovering ... 
Insert error : recovering ... 
Insert error : recovering ... 
Insert error : recovering ... 
Insert error : recovering ... 
Insert error : recovering ... 
Insert error : recovering ... 
Insert error : recovering ... 
Insert error : recovering ... 
Insert error : recovering ... 
Insert error : recovering ... 
Insert error : recovering ... 
Insert error : recovering ... 
Insert error : recovering ... 
Insert error : recovering ... 
Insert error : recovering ... 
Insert error : recovering ... 
Insert error : recovering ... 
Insert error : recovering ... 
Insert error : recovering ... 
Insert error : recovering ... 
Insert error : recovering ... 
Insert error : recovering ... 
Insert error : recovering ... 
Insert error : recovering ... 
Insert error : recovering ... 
Insert error : recovering ... 
Insert error : recovering ... 
Insert error : recovering ... 
Insert error : recovering ... 
Insert error : recovering ... 
Insert error : recovering ... 
Insert error : recovering ... 
Insert error : recovering ... 
Insert error : recovering ... 
Insert error : recovering ... 
Insert error : recovering ... 
Insert error : recovering ... 
Insert error : recovering ... 
Insert error : recovering ... 
Insert error : recovering ... 
Insert error : recovering ... 
Insert error : recovering ... 
Insert error : recovering ... 
Insert error : recovering ... 
Insert error : recovering ... 
Insert error : recovering ... 
Insert error : recovering ... 
Insert error : recovering ... 
Insert error : recovering ... 
Insert error : recovering ... 
Insert error : recovering ... 
Insert error : recovering ... 
Insert error : recovering ... 
Insert error : recovering ... 
Insert error : recovering ... 
Insert error : recovering ... 
Insert error : recovering ... 
Insert error : recovering ... 
Insert error : recovering ... 
Insert error : recovering ... 
Insert error : recovering ... 
Insert error : recovering ... 
Insert error : recovering ... 
Insert error : recovering ... 
Insert error : recovering ... 
Insert error : recovering ... 
Insert error : recovering ... 
Insert error : recovering ... 
Insert error : recovering ... 
Insert error : recovering ... 
Insert error : recovering ... 
Insert error : recovering ... 
Insert error : recovering ... 
Insert error : recovering ... 
Insert error : recovering ... 
Insert error : recovering ... 
Insert error : recovering ... 
Insert error : recovering ... 
Insert error : recovering ... 
Insert error : recovering ... 
Insert error : recovering ... 
Insert error : recovering ... 
Insert error : recovering ... 
Insert error : recovering ... 
Insert error : recovering ... 
Insert error : recovering ... 
Insert error : recovering ... 
Insert error : recovering ... 
Insert error : recovering ... 
Insert error : recovering ... 
Insert error : recovering ... 
Insert error : recovering ... 
Insert error : recovering ... 
Insert error : recovering ... 
Insert error : recovering ... 
Insert error : recovering ... 
Insert error : recovering ... 
Insert error : recovering ... 
Insert error : recovering ... 
Insert error : recovering ... 
Insert error : recovering ... 
Insert error : recovering ... 
Insert error : recovering ... 
Insert error : recovering ... 
Insert error : recovering ... 
Insert error : recovering ... 
Insert error : recovering ... 
Insert error : recovering ... 
Insert error : recovering ... 
Insert error : recovering ... 
Insert error : recovering ... 
Insert error : recovering ... 
Insert error : recovering ... 
Insert error : recovering ... 
Insert error : recovering ... 
Insert error : recovering ... 
Insert error : recovering ... 
Insert error : recovering ... 
Insert error : recovering ... 
Insert error : recovering ... 
Insert error : recovering ... 
Insert error : recovering ... 
Insert error : recovering ... 
Insert error : recovering ... 
Insert error : recovering ... 
Insert error : recovering ... 
Insert error : recovering ... 
Insert error : recovering ... 
Insert error : recovering ... 
Insert error : recovering ... 
Insert error : recovering ... 
Insert error : recovering ... 
Insert error : recovering ... 
Insert error : recovering ... 
Insert error : recovering ... 
Insert error : recovering ... 
Insert error : recovering ... 
Insert error : recovering ... 
Insert error : recovering ... 
Insert error : recovering ... 
Insert error : recovering ... 
Insert error : recovering ... 
Insert error : recovering ... 
Insert error : recovering ... 
Insert error : recovering ... 
Insert error : recovering ... 
Insert error : recovering ... 
Insert error : recovering ... 
Insert error : recovering ... 
Insert error : recovering ... 
Insert error : recovering ... 
Insert error : recovering ... 
Insert error : recovering ... 
Insert error : recovering ... 
Insert error : recovering ... 
Insert error : recovering ... 
Insert error : recovering ... 
Insert error : recovering ... 
Insert error : recovering ... 
Insert error : recovering ... 
Insert error : recovering ... 
Insert error : recovering ... 
Insert error : recovering ... 
Insert error : recovering ... 
Insert error : recovering ... 
Insert error : recovering ... 
Insert error : recovering ... 
Insert error : recovering ... 
Insert error : recovering ... 
Insert error : recovering ... 
Insert error : recovering ... 
Insert error : recovering ... 
Insert error : recovering ... 
Insert error : recovering ... 
Insert error : recovering ... 
Insert error : recovering ... 
Insert error : recovering ... 
Insert error : recovering ... 
Insert error : recovering ... 
Insert error : recovering ... 
Insert error : recovering ... 
Insert error : recovering ... 
Insert error : recovering ... 
Insert error : recovering ... 
Insert error : recovering ... 
Insert error : recovering ... 
Insert error : recovering ... 
Insert error : recovering ... 
Insert error : recovering ... 
Insert error : recovering ... 
Insert error : recovering ... 
Insert error : recovering ... 
Insert error : recovering ... 
Insert error : recovering ... 
Insert error : recovering ... 
Insert error : recovering ... 
Insert error : recovering ... 
Insert error : recovering ... 
Insert error : recovering ... 
Insert error : recovering ... 
Insert error : recovering ... 
Insert error : recovering ... 
Insert error : recovering ... 
Insert error : recovering ... 
Insert error : recovering ... 
Insert error : recovering ... 
Insert error : recovering ... 
Insert error : recovering ... 
Insert error : recovering ... 
Insert error : recovering ... 
Insert error : recovering ... 
Insert error : recovering ... 
Insert error : recovering ... 
Insert error : recovering ... 
Insert error : recovering ... 
Insert error : recovering ... 
Insert error : recovering ... 
Insert error : recovering ... 
Insert error : recovering ... 
Insert error : recovering ... 
Insert error : recovering ... 
Insert error : recovering ... 
Insert error : recovering ... 
Insert error : recovering ... 
Insert error : recovering ... 
Insert error : recovering ... 
Insert error : recovering ... 
Insert error : recovering ... 
Insert error : recovering ... 
Insert error : recovering ... 
Insert error : recovering ... 
Insert error : recovering ... 
matrix  = 
[[-0.248486,-0.0468072,-0.0307742,-0.0221387,8.94359e-05,7.62045e-05,7.27549e-05,-0.0106618,-0.010368,-0.00922714,-0.00923762,0.000121875,0.000120706,0.000137986,-0.0102833,0.000186998,-0.0118142,-0.0191588]
 [0.0199858,-0.362267,-0.116264,-0.0500119,0.000235902,8.51318e-05,8.21628e-05,-0.0123286,-0.0118251,-0.00949962,-0.00939676,9.75213e-05,0.00010605,0.000122121,-0.00945936,0.000144296,-0.0101281,-0.0130146]
 [0.0175926,0.0356364,-0.206053,-0.0708485,0.000333833,8.87083e-05,8.78625e-05,-0.0128952,-0.0123047,-0.00962155,-0.00948992,9.13208e-05,9.65984e-05,0.000121151,-0.00935209,0.000132971,-0.00989201,-0.0122017]
 [0.0153341,0.0249415,0.0415734,-0.129613,0.000449967,8.724e-05,8.66951e-05,-0.013829,-0.0130786,-0.00983911,-0.00965552,8.89423e-05,8.99963e-05,0.000112532,-0.00925987,0.000122472,-0.00963992,-0.0114202]
 [-0.000200161,-0.000268307,-0.000359682,-0.000635156,-0.56432,-0.0277502,-0.0255017,8.87145e-05,8.45813e-05,9.09906e-05,8.83856e-05,-0.00959477,-0.00941853,-0.00902792,0.000104422,-0.00887762,0.000121633,0.000156915]
 [0.00973151,0.0107235,0.011522,0.0130006,-0.000225394,-0.00238651,-0.000894187,-0.0466675,-0.0357327,-0.0136176,-0.012873,7.44592e-05,6.97521e-05,8.93889e-05,-0.0101538,8.78851e-05,-0.00953136,-0.00924521]
 [-0.000132313,-0.000164939,-0.000190458,-0.000199448,0.0132462,0.0399961,-0.44752,0.000361759,0.000246123,8.037e-05,8.14232e-05,-0.0119699,-0.0115243,-0.0103801,8.81956e-05,-0.00929953,8.87182e-05,0.000121643]
 [-0.000121633,-0.00013716,-0.000154716,-0.000173412,0.0109572,0.0189228,0.0203383,-0.000258315,0.000387052,8.84736e-05,8.58245e-05,-0.0142515,-0.0134804,-0.0116195,7.80633e-05,-0.00996491,8.7049e-05,9.64361e-05]
 [0.00923037,0.00951746,0.00981918,0.0103502,-0.000169333,-0.000269358,-0.000275011,0.0382734,-0.300234,-0.0196221,-0.0177008,8.80798e-05,8.31914e-05,8.08399e-05,-0.0117976,8.78306e-05,-0.0104991,-0.00945032]
 [-8.65724e-05,-8.91561e-05,-9.54248e-05,-0.000115237,0.00887213,0.00976059,0.00989548,-0.000200408,-0.000199587,-0.000339251,0.000384628,-0.0833365,-0.0586248,-0.0273171,9.93565e-05,-0.0157749,8.20489e-05,7.21009e-05]
 [-9.05684e-05,-8.79162e-05,-8.96622e-05,-0.000102154,0.00887162,0.0094566,0.00955638,-0.000187495,-0.000199492,-0.000781454,-0.000787773,-0.16573,-0.102758,-0.0360723,0.00016533,-0.0177016,8.86522e-05,7.11518e-05]
 [-8.25849e-05,-8.60086e-05,-8.76218e-05,-8.99852e-05,0.00894865,0.00912598,0.00919684,-0.000161786,-0.000173042,-0.000467054,-0.000592949,0.0379584,-0.349379,-0.0658587,0.000222675,-0.0220618,9.30002e-05,8.1631e-05]
 [-7.81442e-05,-8.36278e-05,-9.07044e-05,-8.57865e-05,0.00931608,0.00887019,0.00888106,-0.000129707,-0.000141178,-0.000249663,-0.00026943,0.0177796,0.0201742,-0.588,0.000409913,-0.0446333,0.000221469,8.81295e-05]
 [0.0133037,0.0114191,0.0107706,0.0101882,-8.57889e-05,-0.000114549,-0.000118174,0.00946909,0.00962279,0.0136934,0.014936,-0.000268466,-0.000283843,-0.00063621,-0.208125,0.000425327,-0.044215,-0.0179257]
 [-8.21056e-05,-7.61676e-05,-7.02923e-05,-8.81032e-05,0.0100313,0.00895801,0.00893021,-0.000122116,-0.000120779,-0.000199687,-0.000199427,0.0129619,0.0138841,0.0191176,-0.000621804,-0.194916,0.000428645,0.000138379]
 [0.0153986,0.0125789,0.0117096,0.0108855,-9.09931e-05,-9.27365e-05,-9.58433e-05,0.00925739,0.00932339,0.0117193,0.0124447,-0.000203778,-0.000227593,-0.00032012,0.0287484,-5.18274e-05,-0.111885,-0.0234294]
 [0.0292761,0.0183377,0.0158848,0.0138853,-8.14134e-05,-8.92337e-05,-8.76268e-05,0.0095118,0.0094109,0.00971729,0.00993642,-0.000155367,-0.000161288,-0.000199033,0.0134941,-0.000270226,0.0190311,-0.118704]
 [0.0503306,0.023661,0.0192501,0.0160689,-8.06584e-05,-8.40147e-05,-8.79684e-05,0.00985063,0.00967242,0.00939029,0.00952401,-0.000132477,-0.000142521,-0.000167742,0.0117105,-0.000212624,0.0149229,0.0416926]]
inverse_matrix = 
[[-4.66889,0.39852,0.166917,0.115923,0.00162543,0.106348,0.000149449,-0.113279,0.0020983,0.515779,-0.25301,-0.00839315,-0.00546865,-0.0211217,-0.0107681,-0.065637,-0.427736,-3.18033]
 [-0.325015,-2.63944,1.45936,0.136268,0.000839558,0.0717654,0.000123206,-0.05967,0.00142053,0.282277,-0.138577,-0.00467759,-0.00302487,-0.0117026,-0.00586023,-0.0330311,-0.172867,-1.00846]
 [-0.679439,-0.3394,-4.32431,2.30799,0.00150019,0.194485,0.00034449,-0.139376,0.00375038,0.675431,-0.331696,-0.0111806,-0.00732478,-0.0286325,-0.0139779,-0.0786225,-0.394764,-2.18818]
 [-2.52222,-0.936354,-1.44451,-7.28309,0.00521389,1.1708,0.00222802,-0.724509,0.0190941,3.56688,-1.75283,-0.059053,-0.0387583,-0.134129,-0.074046,-0.351957,-1.62767,-8.49575]
 [0.0410985,0.0120198,0.0141256,0.0181171,-1.81891,0.0253444,-0.0168056,-2.94799,-0.00475735,-0.0784244,0.433816,0.0596201,0.0626448,0.00471861,0.180097,0.0101559,0.0320092,0.147408]
 [-0.503018,-0.140009,-0.155417,-0.173167,0.954875,-0.440479,2.20917,53.6544,0.0872788,1.00429,-5.7648,-0.773372,-0.790636,-0.0641344,-2.17959,-0.134565,-0.409599,-1.83065]
 [-0.0370071,-0.0101116,-0.0110737,-0.0124508,0.033899,-0.0529744,-2.03807,4.54209,0.00764007,0.101057,-0.317129,-0.0388746,-0.0384827,-0.00457047,-0.10258,-0.00948966,-0.0306404,-0.135186]
 [-10.9099,-3.01959,-3.30535,-3.68633,0.0393707,-25.2841,-0.106254,-12.3431,2.10934,36.0995,-17.2647,-0.530168,-0.322957,-1.0351,-0.559219,-2.39571,-8.75669,-39.7849]
 [-4.39755,-1.18181,-1.27158,-1.38578,0.039624,-4.98857,-0.0278608,-5.68372,-3.12736,19.986,-9.67214,-0.310131,-0.195829,-0.49,-0.357533,-1.07525,-3.67548,-16.2387]
 [43.4269,11.0023,11.5301,12.2618,-3.63855,30.8352,0.885432,368.496,1.67699,-1484.24,724.099,23.9197,15.5067,8.66446,29.2474,15.0063,40.5517,165.268]
 [-3.80489,-1.01407,-1.09672,-1.25603,3.43973,-3.91687,-0.738104,-339.057,-0.745893,1382.25,-674.872,-22.3605,-14.5396,-0.549308,-27.4951,-1.04939,-3.24068,-14.1195]
 [-0.141327,-0.0354363,-0.0369676,-0.0386298,-0.0206768,-0.0890582,0.00380981,1.72918,0.00055281,0.598572,-6.07727,1.63666,0.134487,-0.0324423,0.200257,-0.0507784,-0.134761,-0.541942]
 [-0.0617309,-0.0154,-0.0160702,-0.0168539,-0.0186074,-0.0374857,0.00331373,1.41188,0.00156604,-0.302773,-0.529283,-2.68171,0.326792,-0.0161956,0.229984,-0.0217658,-0.0595017,-0.237036]
 [-0.0196161,-0.00490915,-0.00510012,-0.00548146,-0.0112711,-0.0122722,0.001898,0.722446,0.00104268,0.000451393,-0.223298,-0.0443549,-1.68397,-0.0085564,0.374415,-0.00692294,-0.0184349,-0.0749311]
 [0.928845,0.193355,0.18958,0.188138,0.00911009,0.328935,-0.000650522,-0.785717,0.00705184,3.42807,-1.67923,-0.0563692,-0.0351323,-4.26816,-0.085418,2.26922,1.35532,3.96681]
 [-0.0641103,-0.0161886,-0.0171028,-0.0174954,-0.0518254,-0.0403486,0.00789663,2.7901,0.00401926,0.132875,-0.7537,-0.121835,-0.168474,-0.00160714,-5.16077,-0.0468005,-0.0622913,-0.24419]
 [1.92422,0.352917,0.33233,0.321698,0.0118672,0.508774,-0.000444464,-0.954861,0.0106594,4.24117,-2.07912,-0.0696781,-0.0450989,-0.389976,-0.0996018,-7.21953,4.16736,8.93416]
 [0.840894,0.0944909,0.080431,0.0731518,0.00134383,0.0947143,1.69904e-05,-0.0920431,0.0018296,0.42617,-0.208673,-0.00706254,-0.00445921,-0.0326134,-0.00810309,-0.108783,-5.92152,7.53141]]
Warning : det_manip deviation above warning threshold check N = 18  
   max(abs(M^-1 - M^-1_true)) = 6.94439e-05
   precision*max(abs(M^-1 + M^-1_true)) = 2.96849e-05 
Insert error : recovering ... 
Insert error : recovering ... 
Insert error : recovering ... 
Insert error : recovering ... 
Insert error : recovering ... 
Insert error : recovering ... 
Insert error : recovering ... 
Insert error : recovering ... 
Insert error : recovering ... 
Insert error : recovering ... 
Insert error : recovering ... 
Insert error : recovering ... 
Insert error : recovering ... 
Insert error : recovering ... 
Insert error : recovering ... 
Insert error : recovering ... 
Insert error : recovering ... 
Insert error : recovering ... 
Insert error : recovering ... 
Insert error : recovering ... 
Insert error : recovering ... 
Insert error : recovering ... 
Insert error : recovering ... 
Insert error : recovering ... 
Insert error : recovering ... 
Insert error : recovering ... 
Insert error : recovering ... 
Insert error : recovering ... 
Insert error : recovering ... 
Insert error : recovering ... 
Insert error : recovering ... 
Insert error : recovering ... 
Insert error : recovering ... 
Insert error : recovering ... 
Insert error : recovering ... 
Insert error : recovering ... 
Insert error : recovering ... 
Insert error : recovering ... 
Insert error : recovering ... 
Insert error : recovering ... 
Insert error : recovering ... 
Insert error : recovering ... 
Insert error : recovering ... 
Insert error : recovering ... 
Insert error : recovering ... 
Insert error : recovering ... 
Insert error : recovering ... 
Insert error : recovering ... 
Insert error : recovering ... 
Insert error : recovering ... 
Insert error : recovering ... 
Insert error : recovering ... 
Insert error : recovering ... 
Insert error : recovering ... 
Insert error : recovering ... 
Insert error : recovering ... 
Insert error : recovering ... 
Insert error : recovering ... 
Insert error : recovering ... 
Insert error : recovering ... 
Insert error : recovering ... 
Insert error : recovering ... 
Insert error : recovering ... 
Insert error : recovering ... 
Insert error : recovering ... 
Insert error : recovering ... 
Insert error : recovering ... 
Insert error : recovering ... 
Insert error : recovering ... 
Insert error : recovering ... 
Insert error : recovering ... 
Insert error : recovering ... 
Insert error : recovering ... 
Insert error : recovering ... 
Insert error : recovering ... 
Insert error : recovering ... 
Insert error : recovering ... 
Insert error : recovering ... 
Insert error : recovering ... 
Insert error : recovering ... 
Insert error : recovering ... 
Insert error : recovering ... 
Insert error : recovering ... 
Insert error : recovering ... 
Insert error : recovering ... 
Insert error : recovering ... 
Insert error : recovering ... 
Insert error : recovering ... 
Insert error : recovering ... 
Insert error : recovering ... 
Insert error : recovering ... 
Insert error : recovering ... 
Insert error : recovering ... 
Insert error : recovering ... 
Insert error : recovering ... 
Insert error : recovering ... 
Insert error : recovering ... 
Insert error : recovering ... 
Insert error : recovering ... 
Insert error : recovering ... 
Insert error : recovering ... 
Insert error : recovering ... 
Insert error : recovering ... 
Insert error : recovering ... 
Insert error : recovering ... 
Insert error : recovering ... 
Insert error : recovering ... 
Insert error : recovering ... 
Insert error : recovering ... 
Insert error : recovering ... 
Insert error : recovering ... 
Insert error : recovering ... 
Insert error : recovering ... 
Insert error : recovering ... 
Insert error : recovering ... 
Insert error : recovering ... 
Insert error : recovering ... 
Insert error : recovering ... 
Insert error : recovering ... 
Insert error : recovering ... 
Insert error : recovering ... 
Insert error : recovering ... 
Insert error : recovering ... 
Insert error : recovering ... 
Insert error : recovering ... 
Insert error : recovering ... 
Insert error : recovering ... 
Insert error : recovering ... 
Insert error : recovering ... 
Insert error : recovering ... 
Insert error : recovering ... 
Insert error : recovering ... 
Insert error : recovering ... 
Insert error : recovering ... 
Insert error : recovering ... 
Insert error : recovering ... 
Insert error : recovering ... 
Insert error : recovering ... 
Insert error : recovering ... 
Insert error : recovering ... 
Insert error : recovering ... 
Insert error : recovering ... 
Insert error : recovering ... 
Insert error : recovering ... 
Insert error : recovering ... 
Insert error : recovering ... 
Insert error : recovering ... 
Insert error : recovering ... 
Insert error : recovering ... 
Insert error : recovering ... 
Insert error : recovering ... 
Insert error : recovering ... 
Insert error : recovering ... 
Insert error : recovering ... 
Insert error : recovering ... 
Insert error : recovering ... 
Insert error : recovering ... 
Insert error : recovering ... 
Insert error : recovering ... 
Insert error : recovering ... 
Insert error : recovering ... 
Insert error : recovering ... 
Insert error : recovering ... 
Insert error : recovering ... 
Insert error : recovering ... 
Insert error : recovering ... 
Insert error : recovering ... 
Insert error : recovering ... 
Insert error : recovering ... 
Insert error : recovering ... 
Insert error : recovering ... 
Insert error : recovering ... 
Insert error : recovering ... 
Insert error : recovering ... 
Insert error : recovering ... 
Insert error : recovering ... 
Insert error : recovering ... 
Insert error : recovering ... 
Insert error : recovering ... 
Insert error : recovering ... 
Insert error : recovering ... 
Insert error : recovering ... 
Insert error : recovering ... 
Insert error : recovering ... 
Insert error : recovering ... 
Insert error : recovering ... 
Insert error : recovering ... 
Insert error : recovering ... 
Insert error : recovering ... 
Insert error : recovering ... 
Insert error : recovering ... 
Insert error : recovering ... 
Insert error : recovering ... 
Insert error : recovering ... 
Insert error : recovering ... 
Insert error : recovering ... 
Insert error : recovering ... 
Insert error : recovering ... 
Insert error : recovering ... 
Insert error : recovering ... 
Insert error : recovering ... 
Insert error : recovering ... 
Insert error : recovering ... 
Insert error : recovering ... 
Insert error : recovering ... 
Insert error : recovering ... 
Insert error : recovering ... 
Insert error : recovering ... 
Insert error : recovering ... 
Insert error : recovering ... 
Insert error : recovering ... 
Insert error : recovering ... 
Insert error : recovering ... 
Insert error : recovering ... 
Insert error : recovering ... 
Insert error : recovering ... 
Insert error : recovering ... 
Insert error : recovering ... 
Insert error : recovering ... 
Insert error : recovering ... 
Insert error : recovering ... 
Insert error : recovering ... 
Insert error : recovering ... 
Insert error : recovering ... 
Insert error : recovering ... 
Insert error : recovering ... 
Insert error : recovering ... 
Insert error : recovering ... 
Insert error : recovering ... 
Insert error : recovering ... 
Insert error : recovering ... 
Insert error : recovering ... 
Insert error : recovering ... 
Insert error : recovering ... 
Insert error : recovering ... 
Insert error : recovering ... 
Insert error : recovering ... 
Insert error : recovering ... 
Insert error : recovering ... 
Insert error : recovering ... 
Insert error : recovering ... 
Insert error : recovering ... 
Insert error : recovering ... 
Insert error : recovering ... 
Insert error : recovering ... 
Insert error : recovering ... 
Insert error : recovering ... 
Insert error : recovering ... 
Insert error : recovering ... 
Insert error : recovering ... 
Insert error : recovering ... 
Insert error : recovering ... 
Insert error : recovering ... 
Insert error : recovering ... 
